255 255 255 255 255 255 255 255 255 255 255 255 255 255 255 255
255 255 255 255 255 255 255 255 255 255 255 255 255 255 255 255
255 255 222 164 164 164 164 164 164 164 164 164 164 222 255 255
255 255 164   0   0   0   0   0   0   0   0   0   0 164 255 255
255 255 164   0   0 194 248 229  19 132 248 248   0 164 255 255
255 255 164   0 194 237 157  65 183 120  54  54   0 164 255 255
255 255 164   0 132 132 124 127 238 116   0   0   0 164 255 255
255 255 164   0  19   4 116 247 230 107   4  19   0 164 255 255
255 255 164   0 229  50 116 230  38   9  50 229   0 164 255 255
255 255 164   0 116 128 186 229  19   0  25 116   0 164 255 255
255 255 164   0  54 163 194 179  15  29  43   0   0 164 255 255
255 255 164   0 248  54   0   0   0 132 194   0   0 164 255 255
255 255 164   0   0   0   0   0   0   0   0   0   0 164 255 255
255 255 222 164 164 164 164 164 164 164 164 164 164 222 255 255
255 255 255 255 255 255 255 255 255 255 255 255 255 255 255 255
255 255 255 255 255 255 255 255 255 255 255 255 255 255 255 255
255 255 255 255 255 255 255 255 255 255 255 255 255 255 255 255
255 255 255 255 255 255 255 255 255 255 255 255 255 255 255 255
255 255 222 164 164 164 164 164 164 164 164 164 164 222 255 255
255 255 164   0   0   0   0   0   0   0   0   0   0 164 255 255
255 255 164   0   0 197 252 232  19 134 252 252   0 164 255 255
255 255 164   0 197 240 159  66 186 122  55  55   0 164 255 255
255 255 164   0 134 134 126 128 241 118   0   0   0 164 255 255
255 255 164   0  19   4 118 250 233 109   4  19   0 164 255 255
255 255 164   0 232  51 118 233  38   9  51 232   0 164 255 255
255 255 164   0 118 130 189 232  19   0  26 118   0 164 255 255
255 255 164   0  55 165 197 181  15  29  43   0   0 164 255 255
255 255 164   0 252  55   0   0   0 134 197   0   0 164 255 255
255 255 164   0   0   0   0   0   0   0   0   0   0 164 255 255
255 255 222 164 164 164 164 164 164 164 164 164 164 222 255 255
255 255 255 255 255 255 255 255 255 255 255 255 255 255 255 255
255 255 255 255 255 255 255 255 255 255 255 255 255 255 255 255
255 255 255 255 255 255 255 255 255 255 255 255 255 255 255 255
255 255 255 255 255 255 255 255 255 255 255 255 255 255 255 255
255 255 222 164 164 164 164 164 164 164 164 164 164 222 255 255
255 255 164   0   0   0   0   0   0   0   0   0   0 164 255 255
255 255 164   0   0 193 247 228  19 131 247 247   0 164 255 255
255 255 164   0 193 236 156  65 183 120  54  54   0 164 255 255
255 255 164   0 131 131 124 126 237 116   0   0   0 164 255 255
255 255 164   0  19   4 116 246 230 107   4  19   0 164 255 255
255 255 164   0 228  50 116 230  38   9  50 228   0 164 255 255
255 255 164   0 116 127 186 228  19   0  25 116   0 164 255 255
255 255 164   0  54 162 193 178  15  29  42   0   0 164 255 255
255 255 164   0 247  54   0   0   0 131 193   0   0 164 255 255
255 255 164   0   0   0   0   0   0   0   0   0   0 164 255 255
255 255 222 164 164 164 164 164 164 164 164 164 164 222 255 255
255 255 255 255 255 255 255 255 255 255 255 255 255 255 255 255
255 255 255 255 255 255 255 255 255 255 255 255 255 255 255 255

255 255 255 255 255 255 255 255 255 255 255 255 255 255 255 255
255 255 255 255 255 255 255 255 255 255 255 255 255 255 255 255
255 255 222 164 164 164 164 164 164 164 164 164 164 222 255 255
255 255 164   0   0   0   0   0   0   0   0   0   0 164 255 255
255 255 164   0 248  54   0  19 229 116   0   0   0 164 255 255
255 255 164   0 248  54   0   4  50  25  43 194   0 164 255 255
255 255 164   0 132 120 116 107   9   0  29 132   0 164 255 255
255 255 164   0  19 183 238 230  38  19  15   0   0 164 255 255
255 255 164   0 229  65 127 247 230 229 179   0   0 164 255 255
255 255 164   0 248 157 124 116 116 186 194   0   0 164 255 255
255 255 164   0 194 237 132   4  50 128 163  54   0 164 255 255
255 255 164   0   0 194 132  19 229 116  54 248   0 164 255 255
255 255 164   0   0   0   0   0   0   0   0   0   0 164 255 255
255 255 222 164 164 164 164 164 164 164 164 164 164 222 255 255
255 255 255 255 255 255 255 255 255 255 255 255 255 255 255 255
255 255 255 255 255 255 255 255 255 255 255 255 255 255 255 255
255 255 255 255 255 255 255 255 255 255 255 255 255 255 255 255
255 255 255 255 255 255 255 255 255 255 255 255 255 255 255 255
255 255 222 164 164 164 164 164 164 164 164 164 164 222 255 255
255 255 164   0   0   0   0   0   0   0   0   0   0 164 255 255
255 255 164   0 252  55   0  19 232 118   0   0   0 164 255 255
255 255 164   0 252  55   0   4  51  26  43 197   0 164 255 255
255 255 164   0 134 122 118 109   9   0  29 134   0 164 255 255
255 255 164   0  19 186 241 233  38  19  15   0   0 164 255 255
255 255 164   0 232  66 128 250 233 232 181   0   0 164 255 255
255 255 164   0 252 159 126 118 118 189 197   0   0 164 255 255
255 255 164   0 197 240 134   4  51 130 165  55   0 164 255 255
255 255 164   0   0 197 134  19 232 118  55 252   0 164 255 255
255 255 164   0   0   0   0   0   0   0   0   0   0 164 255 255
255 255 222 164 164 164 164 164 164 164 164 164 164 222 255 255
255 255 255 255 255 255 255 255 255 255 255 255 255 255 255 255
255 255 255 255 255 255 255 255 255 255 255 255 255 255 255 255
255 255 255 255 255 255 255 255 255 255 255 255 255 255 255 255
255 255 255 255 255 255 255 255 255 255 255 255 255 255 255 255
255 255 222 164 164 164 164 164 164 164 164 164 164 222 255 255
255 255 164   0   0   0   0   0   0   0   0   0   0 164 255 255
255 255 164   0 247  54   0  19 228 116   0   0   0 164 255 255
255 255 164   0 247  54   0   4  50  25  42 193   0 164 255 255
255 255 164   0 131 120 116 107   9   0  29 131   0 164 255 255
255 255 164   0  19 183 237 230  38  19  15   0   0 164 255 255
255 255 164   0 228  65 126 246 230 228 178   0   0 164 255 255
255 255 164   0 247 156 124 116 116 186 193   0   0 164 255 255
255 255 164   0 193 236 131   4  50 127 162  54   0 164 255 255
255 255 164   0   0 193 131  19 228 116  54 247   0 164 255 255
255 255 164   0   0   0   0   0   0   0   0   0   0 164 255 255
255 255 222 164 164 164 164 164 164 164 164 164 164 222 255 255
255 255 255 255 255 255 255 255 255 255 255 255 255 255 255 255
255 255 255 255 255 255 255 255 255 255 255 255 255 255 255 255

255 255 255 255 255 255 255 255 255 255 255 255 255 255 255 255
255 255 255 255 255 255 255 255 255 255 255 255 255 255 255 255
255 255 219 159 159 159 159 159 159 159 159 159 159 222 255 255
255 255 159   0   0  22  17   0   0   0   6  27   2 167 255 255
255 255 159   0   0 201 155   0   0   0  62 248  23 167 255 255
255 255 159   0   0  37  29  18 188 201 162  46   4 167 255 255
255 255 159  10  93  17   0  23 232 185 139  93   8 167 255 255
255 255 159  24 224  42   8  44 233  81  56 224  21 167 255 255
255 255 159   1  15   2  87 233 247  81   3  15   1 167 255 255
255 255 159   0   0   0  93 232  91 139 167 167  15 167 255 255
255 255 159   6  62  62 108 174  69 187 232 186  17 167 255 255
255 255 159  27 248 248 155  23 232 248 186   0   0 167 255 255
255 255 159   2  23  23  14   2  22  23  17   0   0 167 255 255
255 255 222 167 167 167 167 167 167 167 167 167 167 224 255 255
255 255 255 255 255 255 255 255 255 255 255 255 255 255 255 255
255 255 255 255 255 255 255 255 255 255 255 255 255 255 255 255
255 255 255 255 255 255 255 255 255 255 255 255 255 255 255 255
255 255 255 255 255 255 255 255 255 255 255 255 255 255 255 255
255 255 219 159 159 159 159 159 159 159 159 159 159 222 255 255
255 255 159   0   0  22  17   0   0   0   6  27   2 167 255 255
255 255 159   0   0 204 157   0   0   0  63 252  23 167 255 255
255 255 159   0   0  38  29  19 191 204 165  47   4 167 255 255
255 255 159  10  94  17   0  23 236 188 141  94   8 167 255 255
255 255 159  24 228  42   8  45 237  82  57 228  21 167 255 255
255 255 159   1  15   2  88 237 251  82   3  15   1 167 255 255
255 255 159   0   0   0  94 236  93 140 169 169  15 167 255 255
255 255 159   6  63  63 110 177  70 189 236 189  17 167 255 255
255 255 159  27 252 252 157  23 236 252 189   0   0 167 255 255
255 255 159   2  23  23  14   2  22  23  17   0   0 167 255 255
255 255 222 167 167 167 167 167 167 167 167 167 167 224 255 255
255 255 255 255 255 255 255 255 255 255 255 255 255 255 255 255
255 255 255 255 255 255 255 255 255 255 255 255 255 255 255 255
255 255 255 255 255 255 255 255 255 255 255 255 255 255 255 255
255 255 255 255 255 255 255 255 255 255 255 255 255 255 255 255
255 255 219 159 159 159 159 159 159 159 159 159 159 222 255 255
255 255 159   0   0  22  17   0   0   0   6  27   2 167 255 255
255 255 159   0   0 200 155   0   0   0  61 247  23 167 255 255
255 255 159   0   0  37  29  18 188 200 162  46   4 167 255 255
255 255 159  10  93  17   0  23 231 185 139  93   8 167 255 255
255 255 159  24 223  41   8  44 233  81  55 223  21 167 255 255
255 255 159   1  15   2  87 233 246  81   3  15   1 167 255 255
255 255 159   0   0   0  93 231  92 139 166 166  15 167 255 255
255 255 159   6  61  61 108 173  69 186 231 185  17 167 255 255
255 255 159  27 247 247 155  23 231 247 185   0   0 167 255 255
255 255 159   2  23  23  14   2  22  23  17   0   0 167 255 255
255 255 222 167 167 167 167 167 167 167 167 167 167 224 255 255
255 255 255 255 255 255 255 255 255 255 255 255 255 255 255 255
255 255 255 255 255 255 255 255 255 255 255 255 255 255 255 255

255 255 255 255 255 255 255 255 255 255 255 255 255 255 255 255
255 255 255 255 255 255 255 255 255 255 255 255 255 255 255 255
255 255 222 164 164 164 164 164 164 164 164 164 164 222 255 255
255 255 164   3  26   6   9  24   2  17  20   0   0 164 255 255
255 255 164  26 248  54  87 228  19 161 194   0   0 164 255 255
255 255 164   6  54 163 145  50   4 161 236 194  20 164 255 255
255 255 164   0   0 194 192  87  87 135 180 248  26 164 255 255
255 255 164   0   0 178 228 230 246 100  65 228  24 164 255 255
255 255 164   0   0  15  19  37 230 235 183  19   2 164 255 255
255 255 164  17 161  35   0   7  80  87 103 161  17 164 255 255
255 255 164  20 194  42  19  50   4   0  54 248  26 164 255 255
255 255 164   0   0   0  87 228  19   0  54 248  26 164 255 255
255 255 164   0   0   0   9  24   2   0   6  26   3 164 255 255
255 255 222 164 164 164 164 164 164 164 164 164 164 222 255 255
255 255 255 255 255 255 255 255 255 255 255 255 255 255 255 255
255 255 255 255 255 255 255 255 255 255 255 255 255 255 255 255
255 255 255 255 255 255 255 255 255 255 255 255 255 255 255 255
255 255 255 255 255 255 255 255 255 255 255 255 255 255 255 255
255 255 222 164 164 164 164 164 164 164 164 164 164 222 255 255
255 255 164   3  26   6   9  24   2  17  20   0   0 164 255 255
255 255 164  26 252  55  89 232  20 163 197   0   0 164 255 255
255 255 164   6  55 166 147  51   4 163 240 197  20 164 255 255
255 255 164   0   0 197 194  89  89 137 183 252  26 164 255 255
255 255 164   0   0 181 232 234 250 101  66 232  24 164 255 255
255 255 164   0   0  15  20  38 234 239 186  20   2 164 255 255
255 255 164  17 163  36   0   7  82  89 105 163  17 164 255 255
255 255 164  20 197  43  19  51   4   0  55 252  26 164 255 255
255 255 164   0   0   0  89 232  20   0  55 252  26 164 255 255
255 255 164   0   0   0   9  24   2   0   6  26   3 164 255 255
255 255 222 164 164 164 164 164 164 164 164 164 164 222 255 255
255 255 255 255 255 255 255 255 255 255 255 255 255 255 255 255
255 255 255 255 255 255 255 255 255 255 255 255 255 255 255 255
255 255 255 255 255 255 255 255 255 255 255 255 255 255 255 255
255 255 255 255 255 255 255 255 255 255 255 255 255 255 255 255
255 255 222 164 164 164 164 164 164 164 164 164 164 222 255 255
255 255 164   3  26   6   9  24   2  17  20   0   0 164 255 255
255 255 164  26 247  54  88 228  19 161 193   0   0 164 255 255
255 255 164   6  54 163 145  50   4 161 235 193  20 164 255 255
255 255 164   0   0 193 191  88  88 135 180 247  26 164 255 255
255 255 164   0   0 178 228 229 246 100  65 228  24 164 255 255
255 255 164   0   0  15  19  37 229 235 182  19   2 164 255 255
255 255 164  17 161  35   0   7  81  88 104 161  17 164 255 255
255 255 164  20 193  42  19  50   4   0  54 247  26 164 255 255
255 255 164   0   0   0  88 228  19   0  54 247  26 164 255 255
255 255 164   0   0   0   9  24   2   0   6  26   3 164 255 255
255 255 222 164 164 164 164 164 164 164 164 164 164 222 255 255
255 255 255 255 255 255 255 255 255 255 255 255 255 255 255 255
255 255 255 255 255 255 255 255 255 255 255 255 255 255 255 255
